image: magichouse.pgm
resolution: 0.050000
origin: [-10.929414, -10.830637, 0.000000]
negate: 0
occupied_thresh: 0.65
free_thresh: 0.196

